<?xml version="1.0" encoding="utf-8"?>
<COLLADA xmlns="http://www.collada.org/2005/11/COLLADASchema" version="1.4.1">
  <asset><contributor><author>Mixamo</author><authoring_tool>COLLADA Mixamo exporter</authoring_tool><comments></comments></contributor><created>2019-04-16T00:30:30Z</created><modified>2019-04-16T00:30:30Z</modified><revision></revision><title></title><unit meter="0.010000"/><up_axis>Y_UP</up_axis></asset>
  <library_animations>
    <animation id="Hips-anim" name="Hips"><source id="Hips-Matrix-animation-input"><float_array id="Hips-Matrix-animation-input-array" count="91">

0.000000 0.033333 0.066667 0.100000 0.133333 0.166667 0.200000 0.233333 0.266667 0.300000 0.333333 0.366667 0.400000 0.433333 0.466667 0.500000
0.533333 0.566667 0.600000 0.633333 0.666667 0.700000 0.733333 0.766667 0.800000 0.833333 0.866667 0.900000 0.933333 0.966667 1.000000 1.033333
1.066667 1.100000 1.133333 1.166667 1.200000 1.233333 1.266667 1.300000 1.333333 1.366667 1.400000 1.433333 1.466667 1.500000 1.533333 1.566667
1.600000 1.633333 1.666667 1.700000 1.733333 1.766667 1.800000 1.833333 1.866667 1.900000 1.933333 1.966667 2.000000 2.033333 2.066667 2.100000
2.133333 2.166667 2.200000 2.233333 2.266667 2.300000 2.333333 2.366667 2.400000 2.433333 2.466667 2.500000 2.533333 2.566667 2.600000 2.633333
2.666667 2.700000 2.733333 2.766667 2.800000 2.833333 2.866667 2.900000 2.933333 2.966667 3.000000</float_array><technique_common><accessor source="#Hips-Matrix-animation-input-array" count="91"><param name="TIME" type="float"/></accessor></technique_common></source><source id="Hips-Matrix-animation-output-transform"><float_array id="Hips-Matrix-animation-output-transform-array" count="1456">

0.999548 0.001441 -0.030020 1.400447 -0.018458 0.817719 -0.575322 70.969460 0.023719 0.575616 0.817376 -7.128962 0.000000 0.000000 0.000000 1.000000
0.999523 0.001984 -0.030808 1.431806 -0.019371 0.817327 -0.575848 71.005447 0.024038 0.576171 0.816976 -7.114122 0.000000 0.000000 0.000000 1.000000
0.999483 0.002972 -0.032001 1.467731 -0.020889 0.816788 -0.576560 71.053894 0.024425 0.576930 0.816428 -7.097409 0.000000 0.000000 0.000000 1.000000
0.999435 0.004141 -0.033348 1.507171 -0.022646 0.816195 -0.577332 71.121307 0.024828 0.577761 0.815828 -7.077113 0.000000 0.000000 0.000000 1.000000
0.999383 0.005374 -0.034707 1.550761 -0.024462 0.815600 -0.578099 71.205780 0.025201 0.578591 0.815228 -7.057447 0.000000 0.000000 0.000000 1.000000
0.999328 0.006580 -0.036072 1.594329 -0.026261 0.814992 -0.578876 71.305717 0.025590 0.579434 0.814617 -7.038420 0.000000 0.000000 0.000000 1.000000
0.999268 0.007805 -0.037447 1.639012 -0.028084 0.814377 -0.579657 71.419144 0.025972 0.580284 0.814000 -7.019583 0.000000 0.000000 0.000000 1.000000
0.999207 0.008980 -0.038781 1.685022 -0.029841 0.813758 -0.580438 71.542183 0.026346 0.581135 0.813380 -7.001282 0.000000 0.000000 0.000000 1.000000
0.999147 0.010075 -0.040042 1.733166 -0.031492 0.813140 -0.581216 71.666428 0.026704 0.581981 0.812764 -6.982981 0.000000 0.000000 0.000000 1.000000
0.999087 0.011123 -0.041251 1.790230 -0.033076 0.812527 -0.581984 71.793945 0.027044 0.582817 0.812153 -6.964174 0.000000 0.000000 0.000000 1.000000
0.999026 0.012138 -0.042415 1.851277 -0.034605 0.811919 -0.582744 71.916679 0.027364 0.583644 0.811548 -6.944841 0.000000 0.000000 0.000000 1.000000
0.998959 0.013276 -0.043638 1.912555 -0.036273 0.811257 -0.583563 72.030411 0.027654 0.584539 0.810894 -6.921452 0.000000 0.000000 0.000000 1.000000
0.998902 0.014199 -0.044635 1.987498 -0.037630 0.810718 -0.584227 72.137451 0.027891 0.585265 0.810362 -6.901461 0.000000 0.000000 0.000000 1.000000
0.998848 0.015059 -0.045567 2.069089 -0.038895 0.810230 -0.584820 72.229904 0.028112 0.585919 0.809882 -6.881640 0.000000 0.000000 0.000000 1.000000
0.998793 0.015905 -0.046462 2.153782 -0.040126 0.809755 -0.585395 72.302895 0.028312 0.586553 0.809416 -6.861656 0.000000 0.000000 0.000000 1.000000
0.998739 0.016734 -0.047326 2.240478 -0.041325 0.809300 -0.585941 72.360397 0.028496 0.587158 0.808971 -6.841555 0.000000 0.000000 0.000000 1.000000
0.998682 0.017613 -0.048205 2.328318 -0.042572 0.808865 -0.586452 72.399521 0.028662 0.587731 0.808548 -6.819312 0.000000 0.000000 0.000000 1.000000
0.998624 0.018495 -0.049063 2.415422 -0.043809 0.808454 -0.586927 72.421074 0.028810 0.588269 0.808152 -6.797196 0.000000 0.000000 0.000000 1.000000
0.998565 0.019390 -0.049925 2.500400 -0.045057 0.808070 -0.587361 72.423065 0.028954 0.588768 0.807784 -6.775685 0.000000 0.000000 0.000000 1.000000
0.998506 0.020255 -0.050745 2.581912 -0.046255 0.807717 -0.587753 72.406372 0.029083 0.589222 0.807447 -6.756600 0.000000 0.000000 0.000000 1.000000
0.998454 0.021029 -0.051455 2.659091 -0.047312 0.807407 -0.588095 72.375305 0.029178 0.589620 0.807154 -6.741998 0.000000 0.000000 0.000000 1.000000
0.998416 0.021605 -0.051942 2.732698 -0.048075 0.807173 -0.588354 72.335892 0.029215 0.589920 0.806933 -6.734757 0.000000 0.000000 0.000000 1.000000
0.998408 0.021810 -0.052022 2.804286 -0.048294 0.807055 -0.588498 72.296631 0.029149 0.590073 0.806824 -6.739256 0.000000 0.000000 0.000000 1.000000
0.998428 0.021670 -0.051692 2.874691 -0.047984 0.807089 -0.588477 72.257790 0.028967 0.590032 0.806860 -6.754889 0.000000 0.000000 0.000000 1.000000
0.998477 0.021176 -0.050947 2.943187 -0.047139 0.807262 -0.588308 72.224922 0.028670 0.589814 0.807030 -6.781384 0.000000 0.000000 0.000000 1.000000
0.998540 0.020502 -0.049980 3.004135 -0.046014 0.807509 -0.588058 72.186684 0.028303 0.589499 0.807273 -6.814590 0.000000 0.000000 0.000000 1.000000
0.998611 0.019690 -0.048867 3.054793 -0.044689 0.807813 -0.587742 72.145218 0.027903 0.589109 0.807571 -6.853117 0.000000 0.000000 0.000000 1.000000
0.998683 0.018818 -0.047722 3.092752 -0.043297 0.808144 -0.587392 72.102432 0.027512 0.588685 0.807894 -6.909515 0.000000 0.000000 0.000000 1.000000
0.998753 0.017916 -0.046590 3.119497 -0.041887 0.808477 -0.587036 72.052704 0.027149 0.588256 0.808219 -6.927592 0.000000 0.000000 0.000000 1.000000
0.998821 0.017014 -0.045474 3.139908 -0.040486 0.808836 -0.586639 71.996147 0.026800 0.587788 0.808571 -6.943449 0.000000 0.000000 0.000000 1.000000
0.998884 0.016140 -0.044392 3.154535 -0.039127 0.809217 -0.586205 71.930450 0.026461 0.587288 0.808945 -6.958227 0.000000 0.000000 0.000000 1.000000
0.998942 0.015310 -0.043359 3.162776 -0.037833 0.809617 -0.585738 71.846107 0.026136 0.586759 0.809340 -6.972161 0.000000 0.000000 0.000000 1.000000
0.998996 0.014531 -0.042378 3.164040 -0.036609 0.810033 -0.585241 71.744003 0.025823 0.586205 0.809751 -6.985979 0.000000 0.000000 0.000000 1.000000
0.999046 0.013800 -0.041438 3.159203 -0.035448 0.810462 -0.584718 71.647614 0.025514 0.585629 0.810178 -7.000049 0.000000 0.000000 0.000000 1.000000
0.999088 0.013221 -0.040608 3.148847 -0.034474 0.810898 -0.584172 71.550926 0.025206 0.585039 0.810614 -7.013472 0.000000 0.000000 0.000000 1.000000
0.999125 0.012748 -0.039839 3.133584 -0.033623 0.811340 -0.583607 71.454498 0.024883 0.584436 0.811058 -7.027384 0.000000 0.000000 0.000000 1.000000
0.999165 0.012203 -0.038989 3.114303 -0.032665 0.811792 -0.583033 71.369751 0.024537 0.583820 0.811512 -7.043035 0.000000 0.000000 0.000000 1.000000
0.999201 0.011739 -0.038191 3.090474 -0.031805 0.812245 -0.582448 71.288025 0.024183 0.583198 0.811970 -7.060342 0.000000 0.000000 0.000000 1.000000
0.999240 0.011223 -0.037332 3.062920 -0.030866 0.812702 -0.581861 71.216148 0.023809 0.582571 0.812431 -7.078880 0.000000 0.000000 0.000000 1.000000
0.999278 0.010711 -0.036460 3.031515 -0.029924 0.813159 -0.581272 71.154411 0.023421 0.581944 0.812892 -7.098543 0.000000 0.000000 0.000000 1.000000
0.999315 0.010209 -0.035585 2.998570 -0.028990 0.813611 -0.580686 71.107491 0.023024 0.581320 0.813349 -7.119470 0.000000 0.000000 0.000000 1.000000
0.999350 0.009728 -0.034724 2.960672 -0.028081 0.814057 -0.580106 71.074799 0.022624 0.580704 0.813801 -7.141308 0.000000 0.000000 0.000000 1.000000
0.999383 0.009271 -0.033879 2.918799 -0.027202 0.814494 -0.579535 71.050385 0.022222 0.580099 0.814243 -7.163535 0.000000 0.000000 0.000000 1.000000
0.999414 0.008853 -0.033056 2.873593 -0.026368 0.814918 -0.578976 71.033760 0.021812 0.579508 0.814674 -7.186907 0.000000 0.000000 0.000000 1.000000
0.999443 0.008480 -0.032261 2.825627 -0.025589 0.815328 -0.578434 71.026291 0.021398 0.578938 0.815091 -7.211484 0.000000 0.000000 0.000000 1.000000
0.999471 0.008129 -0.031479 2.775350 -0.024836 0.815721 -0.577912 71.029381 0.020980 0.578388 0.815492 -7.236500 0.000000 0.000000 0.000000 1.000000
0.999498 0.007773 -0.030699 2.722476 -0.024082 0.816096 -0.577414 71.043503 0.020565 0.577864 0.815874 -7.260797 0.000000 0.000000 0.000000 1.000000
0.999523 0.007455 -0.029957 2.667027 -0.023382 0.816450 -0.576943 71.066147 0.020157 0.577369 0.816235 -7.284701 0.000000 0.000000 0.000000 1.000000
0.999546 0.007171 -0.029272 2.608825 -0.022742 0.816779 -0.576502 71.096504 0.019774 0.576906 0.816571 -7.307940 0.000000 0.000000 0.000000 1.000000
0.999566 0.006877 -0.028640 2.547436 -0.022128 0.817083 -0.576096 71.135445 0.019440 0.576479 0.816880 -7.329118 0.000000 0.000000 0.000000 1.000000
0.999584 0.006559 -0.028098 2.481232 -0.021547 0.817359 -0.575726 71.180908 0.019190 0.576091 0.817160 -7.347191 0.000000 0.000000 0.000000 1.000000
0.999597 0.006348 -0.027659 2.412247 -0.021114 0.817602 -0.575396 71.228142 0.018961 0.575748 0.817407 -7.364759 0.000000 0.000000 0.000000 1.000000
0.999606 0.006220 -0.027367 2.341273 -0.020835 0.817811 -0.575110 71.278542 0.018804 0.575454 0.817618 -7.381695 0.000000 0.000000 0.000000 1.000000
0.999614 0.006122 -0.027117 2.269674 -0.020604 0.817993 -0.574860 71.332169 0.018662 0.575196 0.817803 -7.395761 0.000000 0.000000 0.000000 1.000000
0.999621 0.005986 -0.026886 2.199253 -0.020355 0.818154 -0.574639 71.390900 0.018557 0.574969 0.817965 -7.406874 0.000000 0.000000 0.000000 1.000000
0.999626 0.005844 -0.026698 2.123673 -0.020126 0.818295 -0.574446 71.452171 0.018490 0.574769 0.818107 -7.415350 0.000000 0.000000 0.000000 1.000000
0.999632 0.005676 -0.026535 2.048727 -0.019891 0.818418 -0.574280 71.514725 0.018457 0.574596 0.818229 -7.421019 0.000000 0.000000 0.000000 1.000000
0.999637 0.005471 -0.026393 1.975087 -0.019638 0.818524 -0.574136 71.577164 0.018462 0.574446 0.818334 -7.424037 0.000000 0.000000 0.000000 1.000000
0.999642 0.005201 -0.026250 1.901250 -0.019333 0.818616 -0.574016 71.642937 0.018503 0.574317 0.818424 -7.423707 0.000000 0.000000 0.000000 1.000000
0.999647 0.004893 -0.026115 1.823472 -0.019001 0.818694 -0.573916 71.711159 0.018572 0.574209 0.818498 -7.420729 0.000000 0.000000 0.000000 1.000000
0.999653 0.004519 -0.025965 1.728981 -0.018606 0.818760 -0.573834 71.777809 0.018666 0.574118 0.818560 -7.414209 0.000000 0.000000 0.000000 1.000000
0.999657 0.004177 -0.025848 1.627801 -0.018258 0.818813 -0.573770 71.835037 0.018768 0.574045 0.818608 -7.404854 0.000000 0.000000 0.000000 1.000000
0.999661 0.003859 -0.025759 1.528829 -0.017945 0.818855 -0.573720 71.883820 0.018879 0.573988 0.818646 -7.390475 0.000000 0.000000 0.000000 1.000000
0.999663 0.003589 -0.025707 1.432842 -0.017692 0.818886 -0.573683 71.930153 0.018992 0.573944 0.818674 -7.376737 0.000000 0.000000 0.000000 1.000000
0.999664 0.003367 -0.025689 1.341245 -0.017499 0.818909 -0.573657 71.977867 0.019105 0.573914 0.818693 -7.364356 0.000000 0.000000 0.000000 1.000000
0.999665 0.003175 -0.025688 1.256758 -0.017342 0.818924 -0.573639 72.021919 0.019215 0.573893 0.818705 -7.350371 0.000000 0.000000 0.000000 1.000000
0.999665 0.003000 -0.025693 1.177809 -0.017200 0.818934 -0.573630 72.064072 0.019320 0.573880 0.818711 -7.338725 0.000000 0.000000 0.000000 1.000000
0.999665 0.002855 -0.025715 1.105058 -0.017094 0.818939 -0.573626 72.102280 0.019421 0.573874 0.818713 -7.328135 0.000000 0.000000 0.000000 1.000000
0.999665 0.002704 -0.025733 1.039854 -0.016981 0.818941 -0.573627 72.134865 0.019523 0.573871 0.818713 -7.317930 0.000000 0.000000 0.000000 1.000000
0.999666 0.002533 -0.025739 0.983482 -0.016844 0.818942 -0.573629 72.160698 0.019626 0.573871 0.818710 -7.307853 0.000000 0.000000 0.000000 1.000000
0.999666 0.002357 -0.025742 0.937351 -0.016702 0.818942 -0.573633 72.178169 0.019729 0.573871 0.818708 -7.297910 0.000000 0.000000 0.000000 1.000000
0.999667 0.002158 -0.025733 0.904151 -0.016535 0.818945 -0.573634 72.192017 0.019836 0.573869 0.818707 -7.288629 0.000000 0.000000 0.000000 1.000000
0.999667 0.001967 -0.025727 0.884142 -0.016374 0.818952 -0.573629 72.189026 0.019941 0.573859 0.818711 -7.280043 0.000000 0.000000 0.000000 1.000000
0.999666 0.001827 -0.025774 0.877934 -0.016287 0.818954 -0.573627 72.161263 0.020060 0.573856 0.818711 -7.268840 0.000000 0.000000 0.000000 1.000000
0.999663 0.001774 -0.025890 0.885362 -0.016310 0.818942 -0.573645 72.109596 0.020185 0.573874 0.818695 -7.257709 0.000000 0.000000 0.000000 1.000000
0.999659 0.001732 -0.026036 0.898170 -0.016360 0.818916 -0.573680 72.039536 0.020328 0.573911 0.818665 -7.246186 0.000000 0.000000 0.000000 1.000000
0.999655 0.001695 -0.026211 0.914904 -0.016431 0.818879 -0.573731 71.953918 0.020491 0.573964 0.818624 -7.234420 0.000000 0.000000 0.000000 1.000000
0.999650 0.001629 -0.026395 0.935743 -0.016485 0.818832 -0.573796 71.854507 0.020678 0.574031 0.818573 -7.223704 0.000000 0.000000 0.000000 1.000000
0.999645 0.001519 -0.026584 0.960284 -0.016506 0.818777 -0.573874 71.744019 0.020894 0.574109 0.818512 -7.213995 0.000000 0.000000 0.000000 1.000000
0.999640 0.001377 -0.026789 0.987915 -0.016509 0.818715 -0.573962 71.624702 0.021142 0.574198 0.818443 -7.204309 0.000000 0.000000 0.000000 1.000000
0.999634 0.001219 -0.027016 1.018062 -0.016513 0.818647 -0.574060 71.513481 0.021417 0.574296 0.818368 -7.194664 0.000000 0.000000 0.000000 1.000000
0.999628 0.001050 -0.027265 1.050274 -0.016521 0.818574 -0.574163 71.405884 0.021716 0.574400 0.818287 -7.185349 0.000000 0.000000 0.000000 1.000000
0.999619 0.000969 -0.027577 1.084789 -0.016636 0.818496 -0.574271 71.304214 0.022015 0.574512 0.818200 -7.175215 0.000000 0.000000 0.000000 1.000000
0.999610 0.001014 -0.027918 1.122597 -0.016872 0.818413 -0.574383 71.216484 0.022266 0.574630 0.818111 -7.163772 0.000000 0.000000 0.000000 1.000000
0.999600 0.001102 -0.028266 1.162901 -0.017148 0.818328 -0.574495 71.137680 0.022498 0.574750 0.818020 -7.152317 0.000000 0.000000 0.000000 1.000000
0.999590 0.001191 -0.028597 1.205356 -0.017414 0.818243 -0.574608 71.069115 0.022714 0.574871 0.817929 -7.142196 0.000000 0.000000 0.000000 1.000000
0.999581 0.001273 -0.028908 1.248303 -0.017662 0.818160 -0.574720 71.013290 0.022920 0.574989 0.817840 -7.133987 0.000000 0.000000 0.000000 1.000000
0.999573 0.001308 -0.029176 1.288262 -0.017849 0.818079 -0.574829 70.973511 0.023116 0.575105 0.817753 -7.128798 0.000000 0.000000 0.000000 1.000000
0.999568 0.001240 -0.029349 1.324831 -0.017895 0.818016 -0.574917 70.952118 0.023295 0.575194 0.817685 -7.127096 0.000000 0.000000 0.000000 1.000000
0.999562 0.001218 -0.029557 1.361923 -0.018001 0.817929 -0.575038 70.949051 0.023475 0.575318 0.817593 -7.127205 0.000000 0.000000 0.000000 1.000000
0.999548 0.001441 -0.030021 1.400447 -0.018459 0.817719 -0.575322 70.969475 0.023719 0.575616 0.817376 -7.128960 0.000000 0.000000 0.000000 1.000000</float_array><technique_common><accessor source="#Hips-Matrix-animation-output-transform-array" count="91" stride="16"><param type="float4x4"/></accessor></technique_common></source><source id="Hips-Interpolations"><Name_array id="Hips-Interpolations-array" count="91">
 LINEAR LINEAR LINEAR LINEAR LINEAR LINEAR LINEAR LINEAR LINEAR LINEAR LINEAR
LINEAR LINEAR LINEAR LINEAR LINEAR LINEAR LINEAR LINEAR LINEAR LINEAR LINEAR LINEAR
LINEAR LINEAR LINEAR LINEAR LINEAR LINEAR LINEAR LINEAR LINEAR LINEAR LINEAR LINEAR
LINEAR LINEAR LINEAR LINEAR LINEAR LINEAR LINEAR LINEAR LINEAR LINEAR LINEAR LINEAR
LINEAR LINEAR LINEAR LINEAR LINEAR LINEAR LINEAR LINEAR LINEAR LINEAR LINEAR LINEAR
LINEAR LINEAR LINEAR LINEAR LINEAR LINEAR LINEAR LINEAR LINEAR LINEAR LINEAR LINEAR
LINEAR LINEAR LINEAR LINEAR LINEAR LINEAR LINEAR LINEAR LINEAR LINEAR LINEAR LINEAR
LINEAR LINEAR LINEAR LINEAR LINEAR LINEAR LINEAR LINEAR</Name_array><technique_common><accessor source="#Hips-Interpolations-array" count="91"><param type="name"/></accessor></technique_common></source><sampler id="Hips-Matrix-animation-transform"><input semantic="INPUT" source="#Hips-Matrix-animation-input"/><input semantic="OUTPUT" source="#Hips-Matrix-animation-output-transform"/><input semantic="INTERPOLATION" source="#Hips-Interpolations"/></sampler><channel source="#Hips-Matrix-animation-transform" target="Hips/matrix"/></animation>
    <animation id="Pelvis-anim" name="Pelvis"><source id="Pelvis-Matrix-animation-input"><float_array id="Pelvis-Matrix-animation-input-array" count="91">

0.000000 0.033333 0.066667 0.100000 0.133333 0.166667 0.200000 0.233333 0.266667 0.300000 0.333333 0.366667 0.400000 0.433333 0.466667 0.500000
0.533333 0.566667 0.600000 0.633333 0.666667 0.700000 0.733333 0.766667 0.800000 0.833333 0.866667 0.900000 0.933333 0.966667 1.000000 1.033333
1.066667 1.100000 1.133333 1.166667 1.200000 1.233333 1.266667 1.300000 1.333333 1.366667 1.400000 1.433333 1.466667 1.500000 1.533333 1.566667
1.600000 1.633333 1.666667 1.700000 1.733333 1.766667 1.800000 1.833333 1.866667 1.900000 1.933333 1.966667 2.000000 2.033333 2.066667 2.100000
2.133333 2.166667 2.200000 2.233333 2.266667 2.300000 2.333333 2.366667 2.400000 2.433333 2.466667 2.500000 2.533333 2.566667 2.600000 2.633333
2.666667 2.700000 2.733333 2.766667 2.800000 2.833333 2.866667 2.900000 2.933333 2.966667 3.000000</float_array><technique_common><accessor source="#Pelvis-Matrix-animation-input-array" count="91"><param name="TIME" type="float"/></accessor></technique_common></source><source id="Pelvis-Matrix-animation-output-transform"><float_array id="Pelvis-Matrix-animation-output-transform-array" count="1456">

1.000000 0.000000 0.000000 0.000000 0.000000 1.000000 0.000000 0.000000 0.000000 -0.000000 1.000000 0.000000 0.000000 0.000000 0.000000 1.000000
1.000000 0.000000 -0.000000 0.000000 -0.000000 1.000000 0.000000 0.000000 -0.000000 0.000000 1.000000 0.000000 0.000000 0.000000 0.000000 1.000000
1.000000 -0.000000 0.000000 0.000000 0.000000 1.000000 0.000000 0.000000 0.000000 0.000000 1.000000 0.000000 0.000000 0.000000 0.000000 1.000000
1.000000 0.000000 0.000000 0.000000 0.000000 1.000000 0.000000 0.000000 -0.000000 0.000000 1.000000 0.000000 0.000000 0.000000 0.000000 1.000000
1.000000 -0.000000 -0.000000 0.000000 0.000000 1.000000 0.000000 0.000000 -0.000000 0.000000 1.000000 0.000000 0.000000 0.000000 0.000000 1.000000
1.000000 -0.000000 0.000000 0.000000 0.000000 1.000000 0.000000 0.000000 -0.000000 0.000000 1.000000 0.000000 0.000000 0.000000 0.000000 1.000000
1.000000 -0.000000 0.000000 0.000000 -0.000000 1.000000 -0.000000 0.000000 -0.000000 -0.000000 1.000000 0.000000 0.000000 0.000000 0.000000 1.000000
1.000000 0.000000 0.000000 0.000000 0.000000 1.000000 0.000000 0.000000 0.000000 0.000000 1.000000 0.000000 0.000000 0.000000 0.000000 1.000000
1.000000 -0.000000 0.000000 0.000000 -0.000000 1.000000 -0.000000 0.000000 0.000000 0.000000 1.000000 0.000000 0.000000 0.000000 0.000000 1.000000
1.000000 0.000000 0.000000 0.000000 -0.000000 1.000000 0.000000 0.000000 -0.000000 0.000000 1.000000 0.000000 0.000000 0.000000 0.000000 1.000000
1.000000 -0.000000 0.000000 0.000000 0.000000 1.000000 0.000000 0.000000 -0.000000 -0.000000 1.000000 0.000000 0.000000 0.000000 0.000000 1.000000
1.000000 0.000000 -0.000000 0.000000 0.000000 1.000000 -0.000000 0.000000 0.000000 -0.000000 1.000000 0.000000 0.000000 0.000000 0.000000 1.000000
1.000000 -0.000000 0.000000 0.000000 0.000000 1.000000 0.000000 0.000000 -0.000000 -0.000000 1.000000 0.000000 0.000000 0.000000 0.000000 1.000000
1.000000 0.000000 0.000000 0.000000 0.000000 1.000000 0.000000 0.000000 -0.000000 -0.000000 1.000000 0.000000 0.000000 0.000000 0.000000 1.000000
1.000000 0.000000 -0.000000 0.000000 -0.000000 1.000000 -0.000000 0.000000 -0.000000 -0.000000 1.000000 0.000000 0.000000 0.000000 0.000000 1.000000
1.000000 0.000000 0.000000 0.000000 0.000000 1.000000 0.000000 0.000000 0.000000 -0.000000 1.000000 0.000000 0.000000 0.000000 0.000000 1.000000
1.000000 0.000000 0.000000 0.000000 0.000000 1.000000 0.000000 0.000000 0.000000 0.000000 1.000000 0.000000 0.000000 0.000000 0.000000 1.000000
1.000000 -0.000000 0.000000 0.000000 -0.000000 1.000000 0.000000 0.000000 -0.000000 0.000000 1.000000 0.000000 0.000000 0.000000 0.000000 1.000000
1.000000 -0.000000 -0.000000 0.000000 -0.000000 1.000000 -0.000000 0.000000 0.000000 0.000000 1.000000 0.000000 0.000000 0.000000 0.000000 1.000000
1.000000 -0.000000 0.000000 0.000000 0.000000 1.000000 0.000000 0.000000 0.000000 -0.000000 1.000000 0.000000 0.000000 0.000000 0.000000 1.000000
1.000000 -0.000000 0.000000 0.000000 -0.000000 1.000000 -0.000000 0.000000 -0.000000 0.000000 1.000000 0.000000 0.000000 0.000000 0.000000 1.000000
1.000000 -0.000000 -0.000000 0.000000 0.000000 1.000000 0.000000 0.000000 0.000000 -0.000000 1.000000 0.000000 0.000000 0.000000 0.000000 1.000000
1.000000 0.000000 -0.000000 0.000000 -0.000000 1.000000 0.000000 0.000000 0.000000 -0.000000 1.000000 0.000000 0.000000 0.000000 0.000000 1.000000
1.000000 -0.000000 0.000000 0.000000 -0.000000 1.000000 0.000000 0.000000 -0.000000 0.000000 1.000000 0.000000 0.000000 0.000000 0.000000 1.000000
1.000000 0.000000 0.000000 0.000000 0.000000 1.000000 0.000000 0.000000 0.000000 -0.000000 1.000000 0.000000 0.000000 0.000000 0.000000 1.000000
1.000000 -0.000000 0.000000 0.000000 -0.000000 1.000000 -0.000000 0.000000 0.000000 0.000000 1.000000 0.000000 0.000000 0.000000 0.000000 1.000000
1.000000 -0.000000 0.000000 0.000000 0.000000 1.000000 0.000000 0.000000 0.000000 0.000000 1.000000 0.000000 0.000000 0.000000 0.000000 1.000000
1.000000 -0.000000 0.000000 0.000000 0.000000 1.000000 0.000000 0.000000 -0.000000 0.000000 1.000000 0.000000 0.000000 0.000000 0.000000 1.000000
1.000000 0.000000 -0.000000 0.000000 0.000000 1.000000 0.000000 0.000000 0.000000 0.000000 1.000000 0.000000 0.000000 0.000000 0.000000 1.000000
1.000000 0.000000 -0.000000 0.000000 0.000000 1.000000 -0.000000 0.000000 0.000000 0.000000 1.000000 0.000000 0.000000 0.000000 0.000000 1.000000
1.000000 -0.000000 -0.000000 0.000000 -0.000000 1.000000 -0.000000 0.000000 -0.000000 0.000000 1.000000 0.000000 0.000000 0.000000 0.000000 1.000000
1.000000 0.000000 -0.000000 0.000000 -0.000000 1.000000 0.000000 0.000000 -0.000000 0.000000 1.000000 0.000000 0.000000 0.000000 0.000000 1.000000
1.000000 -0.000000 -0.000000 0.000000 0.000000 1.000000 -0.000000 0.000000 -0.000000 -0.000000 1.000000 0.000000 0.000000 0.000000 0.000000 1.000000
1.000000 0.000000 0.000000 0.000000 -0.000000 1.000000 -0.000000 0.000000 -0.000000 0.000000 1.000000 0.000000 0.000000 0.000000 0.000000 1.000000
1.000000 -0.000000 -0.000000 0.000000 -0.000000 1.000000 -0.000000 0.000000 0.000000 -0.000000 1.000000 0.000000 0.000000 0.000000 0.000000 1.000000
1.000000 0.000000 0.000000 0.000000 0.000000 1.000000 0.000000 0.000000 -0.000000 -0.000000 1.000000 0.000000 0.000000 0.000000 0.000000 1.000000
1.000000 0.000000 0.000000 0.000000 -0.000000 1.000000 -0.000000 0.000000 0.000000 0.000000 1.000000 0.000000 0.000000 0.000000 0.000000 1.000000
1.000000 0.000000 0.000000 0.000000 -0.000000 1.000000 0.000000 0.000000 0.000000 0.000000 1.000000 0.000000 0.000000 0.000000 0.000000 1.000000
1.000000 0.000000 0.000000 0.000000 0.000000 1.000000 0.000000 0.000000 0.000000 0.000000 1.000000 0.000000 0.000000 0.000000 0.000000 1.000000
1.000000 -0.000000 0.000000 0.000000 -0.000000 1.000000 -0.000000 0.000000 0.000000 0.000000 1.000000 0.000000 0.000000 0.000000 0.000000 1.000000
1.000000 0.000000 0.000000 0.000000 0.000000 1.000000 0.000000 0.000000 -0.000000 0.000000 1.000000 0.000000 0.000000 0.000000 0.000000 1.000000
1.000000 0.000000 0.000000 0.000000 -0.000000 1.000000 0.000000 0.000000 -0.000000 0.000000 1.000000 0.000000 0.000000 0.000000 0.000000 1.000000
1.000000 0.000000 0.000000 0.000000 0.000000 1.000000 0.000000 0.000000 0.000000 0.000000 1.000000 0.000000 0.000000 0.000000 0.000000 1.000000
1.000000 -0.000000 0.000000 0.000000 0.000000 1.000000 0.000000 0.000000 -0.000000 -0.000000 1.000000 0.000000 0.000000 0.000000 0.000000 1.000000
1.000000 -0.000000 -0.000000 0.000000 -0.000000 1.000000 0.000000 0.000000 -0.000000 0.000000 1.000000 0.000000 0.000000 0.000000 0.000000 1.000000
1.000000 -0.000000 -0.000000 0.000000 0.000000 1.000000 0.000000 0.000000 0.000000 -0.000000 1.000000 0.000000 0.000000 0.000000 0.000000 1.000000
1.000000 0.000000 0.000000 0.000000 0.000000 1.000000 0.000000 0.000000 0.000000 0.000000 1.000000 0.000000 0.000000 0.000000 0.000000 1.000000
1.000000 -0.000000 -0.000000 0.000000 0.000000 1.000000 0.000000 0.000000 0.000000 0.000000 1.000000 0.000000 0.000000 0.000000 0.000000 1.000000
1.000000 0.000000 -0.000000 0.000000 0.000000 1.000000 0.000000 0.000000 0.000000 0.000000 1.000000 0.000000 0.000000 0.000000 0.000000 1.000000
1.000000 0.000000 -0.000000 0.000000 -0.000000 1.000000 0.000000 0.000000 0.000000 0.000000 1.000000 0.000000 0.000000 0.000000 0.000000 1.000000
1.000000 -0.000000 0.000000 0.000000 0.000000 1.000000 -0.000000 0.000000 -0.000000 -0.000000 1.000000 0.000000 0.000000 0.000000 0.000000 1.000000
1.000000 0.000000 0.000000 0.000000 0.000000 1.000000 0.000000 0.000000 0.000000 -0.000000 1.000000 0.000000 0.000000 0.000000 0.000000 1.000000
1.000000 0.000000 0.000000 0.000000 0.000000 1.000000 -0.000000 0.000000 0.000000 -0.000000 1.000000 0.000000 0.000000 0.000000 0.000000 1.000000
1.000000 -0.000000 -0.000000 0.000000 -0.000000 1.000000 0.000000 0.000000 0.000000 0.000000 1.000000 0.000000 0.000000 0.000000 0.000000 1.000000
1.000000 0.000000 -0.000000 0.000000 -0.000000 1.000000 -0.000000 0.000000 -0.000000 0.000000 1.000000 0.000000 0.000000 0.000000 0.000000 1.000000
1.000000 0.000000 0.000000 0.000000 0.000000 1.000000 0.000000 0.000000 0.000000 0.000000 1.000000 0.000000 0.000000 0.000000 0.000000 1.000000
1.000000 0.000000 -0.000000 0.000000 -0.000000 1.000000 0.000000 0.000000 0.000000 0.000000 1.000000 0.000000 0.000000 0.000000 0.000000 1.000000
1.000000 0.000000 -0.000000 0.000000 0.000000 1.000000 -0.000000 0.000000 0.000000 -0.000000 1.000000 0.000000 0.000000 0.000000 0.000000 1.000000
1.000000 0.000000 -0.000000 0.000000 -0.000000 1.000000 -0.000000 0.000000 -0.000000 0.000000 1.000000 0.000000 0.000000 0.000000 0.000000 1.000000
1.000000 -0.000000 0.000000 0.000000 0.000000 1.000000 0.000000 0.000000 0.000000 0.000000 1.000000 0.000000 0.000000 0.000000 0.000000 1.000000
1.000000 -0.000000 0.000000 0.000000 0.000000 1.000000 0.000000 0.000000 0.000000 -0.000000 1.000000 0.000000 0.000000 0.000000 0.000000 1.000000
1.000000 0.000000 0.000000 0.000000 -0.000000 1.000000 -0.000000 0.000000 -0.000000 0.000000 1.000000 0.000000 0.000000 0.000000 0.000000 1.000000
1.000000 -0.000000 -0.000000 0.000000 -0.000000 1.000000 0.000000 0.000000 -0.000000 0.000000 1.000000 0.000000 0.000000 0.000000 0.000000 1.000000
1.000000 0.000000 0.000000 0.000000 0.000000 1.000000 0.000000 0.000000 0.000000 0.000000 1.000000 0.000000 0.000000 0.000000 0.000000 1.000000
1.000000 0.000000 -0.000000 0.000000 -0.000000 1.000000 0.000000 0.000000 -0.000000 0.000000 1.000000 0.000000 0.000000 0.000000 0.000000 1.000000
1.000000 0.000000 -0.000000 0.000000 0.000000 1.000000 0.000000 0.000000 -0.000000 0.000000 1.000000 0.000000 0.000000 0.000000 0.000000 1.000000
1.000000 -0.000000 0.000000 0.000000 0.000000 1.000000 0.000000 0.000000 -0.000000 0.000000 1.000000 0.000000 0.000000 0.000000 0.000000 1.000000
1.000000 -0.000000 -0.000000 0.000000 0.000000 1.000000 0.000000 0.000000 -0.000000 0.000000 1.000000 0.000000 0.000000 0.000000 0.000000 1.000000
1.000000 0.000000 0.000000 0.000000 -0.000000 1.000000 -0.000000 0.000000 -0.000000 0.000000 1.000000 0.000000 0.000000 0.000000 0.000000 1.000000
1.000000 0.000000 0.000000 0.000000 0.000000 1.000000 0.000000 0.000000 -0.000000 -0.000000 1.000000 0.000000 0.000000 0.000000 0.000000 1.000000
1.000000 0.000000 -0.000000 0.000000 0.000000 1.000000 0.000000 0.000000 0.000000 0.000000 1.000000 0.000000 0.000000 0.000000 0.000000 1.000000
1.000000 0.000000 0.000000 0.000000 0.000000 1.000000 0.000000 0.000000 -0.000000 0.000000 1.000000 0.000000 0.000000 0.000000 0.000000 1.000000
1.000000 -0.000000 -0.000000 0.000000 0.000000 1.000000 0.000000 0.000000 0.000000 0.000000 1.000000 0.000000 0.000000 0.000000 0.000000 1.000000
1.000000 0.000000 -0.000000 0.000000 -0.000000 1.000000 -0.000000 0.000000 -0.000000 -0.000000 1.000000 0.000000 0.000000 0.000000 0.000000 1.000000
1.000000 0.000000 -0.000000 0.000000 0.000000 1.000000 0.000000 0.000000 0.000000 0.000000 1.000000 0.000000 0.000000 0.000000 0.000000 1.000000
1.000000 0.000000 0.000000 0.000000 0.000000 1.000000 0.000000 0.000000 0.000000 0.000000 1.000000 0.000000 0.000000 0.000000 0.000000 1.000000
1.000000 0.000000 -0.000000 0.000000 0.000000 1.000000 0.000000 0.000000 -0.000000 0.000000 1.000000 0.000000 0.000000 0.000000 0.000000 1.000000
1.000000 -0.000000 -0.000000 0.000000 -0.000000 1.000000 -0.000000 0.000000 0.000000 0.000000 1.000000 0.000000 0.000000 0.000000 0.000000 1.000000
1.000000 -0.000000 0.000000 0.000000 0.000000 1.000000 0.000000 0.000000 0.000000 0.000000 1.000000 0.000000 0.000000 0.000000 0.000000 1.000000
1.000000 -0.000000 0.000000 0.000000 0.000000 1.000000 0.000000 0.000000 0.000000 -0.000000 1.000000 0.000000 0.000000 0.000000 0.000000 1.000000
1.000000 -0.000000 0.000000 0.000000 0.000000 1.000000 0.000000 0.000000 -0.000000 0.000000 1.000000 0.000000 0.000000 0.000000 0.000000 1.000000
1.000000 -0.000000 0.000000 0.000000 0.000000 1.000000 0.000000 0.000000 0.000000 -0.000000 1.000000 0.000000 0.000000 0.000000 0.000000 1.000000
1.000000 -0.000000 0.000000 0.000000 -0.000000 1.000000 -0.000000 0.000000 -0.000000 0.000000 1.000000 0.000000 0.000000 0.000000 0.000000 1.000000
1.000000 0.000000 0.000000 0.000000 -0.000000 1.000000 -0.000000 0.000000 0.000000 0.000000 1.000000 0.000000 0.000000 0.000000 0.000000 1.000000
1.000000 0.000000 -0.000000 0.000000 -0.000000 1.000000 0.000000 0.000000 -0.000000 0.000000 1.000000 0.000000 0.000000 0.000000 0.000000 1.000000
1.000000 -0.000000 -0.000000 0.000000 0.000000 1.000000 0.000000 0.000000 0.000000 0.000000 1.000000 0.000000 0.000000 0.000000 0.000000 1.000000
1.000000 -0.000000 -0.000000 0.000000 0.000000 1.000000 0.000000 0.000000 -0.000000 -0.000000 1.000000 0.000000 0.000000 0.000000 0.000000 1.000000
1.000000 -0.000000 0.000000 0.000000 0.000000 1.000000 0.000000 0.000000 0.000000 -0.000000 1.000000 0.000000 0.000000 0.000000 0.000000 1.000000
1.000000 0.000000 0.000000 0.000000 0.000000 1.000000 0.000000 0.000000 -0.000000 -0.000000 1.000000 0.000000 0.000000 0.000000 0.000000 1.000000
1.000000 0.000000 0.000000 0.000000 0.000000 1.000000 0.000000 0.000000 0.000000 0.000000 1.000000 0.000000 0.000000 0.000000 0.000000 1.000000
1.000000 -0.000000 0.000000 0.000000 0.000000 1.000000 0.000000 0.000000 0.000000 -0.000000 1.000000 0.000000 0.000000 0.000000 0.000000 1.000000</float_array><technique_common><accessor source="#Pelvis-Matrix-animation-output-transform-array" count="91" stride="16"><param type="float4x4"/></accessor></technique_common></source><source id="Pelvis-Interpolations"><Name_array id="Pelvis-Interpolations-array" count="91">
 LINEAR LINEAR LINEAR LINEAR LINEAR LINEAR LINEAR LINEAR LINEAR LINEAR LINEAR
LINEAR LINEAR LINEAR LINEAR LINEAR LINEAR LINEAR LINEAR LINEAR LINEAR LINEAR LINEAR
LINEAR LINEAR LINEAR LINEAR LINEAR LINEAR LINEAR LINEAR LINEAR LINEAR LINEAR LINEAR
LINEAR LINEAR LINEAR LINEAR LINEAR LINEAR LINEAR LINEAR LINEAR LINEAR LINEAR LINEAR
LINEAR LINEAR LINEAR LINEAR LINEAR LINEAR LINEAR LINEAR LINEAR LINEAR LINEAR LINEAR
LINEAR LINEAR LINEAR LINEAR LINEAR LINEAR LINEAR LINEAR LINEAR LINEAR LINEAR LINEAR
LINEAR LINEAR LINEAR LINEAR LINEAR LINEAR LINEAR LINEAR LINEAR LINEAR LINEAR LINEAR
LINEAR LINEAR LINEAR LINEAR LINEAR LINEAR LINEAR LINEAR</Name_array><technique_common><accessor source="#Pelvis-Interpolations-array" count="91"><param type="name"/></accessor></technique_common></source><sampler id="Pelvis-Matrix-animation-transform"><input semantic="INPUT" source="#Pelvis-Matrix-animation-input"/><input semantic="OUTPUT" source="#Pelvis-Matrix-animation-output-transform"/><input semantic="INTERPOLATION" source="#Pelvis-Interpolations"/></sampler><channel source="#Pelvis-Matrix-animation-transform" target="Pelvis/matrix"/></animation>
    <animation id="LeftUpLeg-anim" name="LeftUpLeg"><source id="LeftUpLeg-Matrix-animation-input"><float_array id="LeftUpLeg-Matrix-animation-input-array" count="91">

0.000000 0.033333 0.066667 0.100000 0.133333 0.166667 0.200000 0.233333 0.266667 0.300000 0.333333 0.366667 0.400000 0.433333 0.466667 0.500000
0.533333 0.566667 0.600000 0.633333 0.666667 0.700000 0.733333 0.766667 0.800000 0.833333 0.866667 0.900000 0.933333 0.966667 1.000000 1.033333
1.066667 1.100000 1.133333 1.166667 1.200000 1.233333 1.266667 1.300000 1.333333 1.366667 1.400000 1.433333 1.466667 1.500000 1.533333 1.566667
1.600000 1.633333 1.666667 1.700000 1.733333 1.766667 1.800000 1.833333 1.866667 1.900000 1.933333 1.966667 2.000000 2.033333 2.066667 2.100000
2.133333 2.166667 2.200000 2.233333 2.266667 2.300000 2.333333 2.366667 2.400000 2.433333 2.466667 2.500000 2.533333 2.566667 2.600000 2.633333
2.666667 2.700000 2.733333 2.766667 2.800000 2.833333 2.866667 2.900000 2.933333 2.966667 3.000000</float_array><technique_common><accessor source="#LeftUpLeg-Matrix-animation-input-array" count="91"><param name="TIME" type="float"/></accessor></technique_common></source><source id="LeftUpLeg-Matrix-animation-output-transform"><float_array id="LeftUpLeg-Matrix-animation-output-transform-array" count="1456">

0.844046 -0.238664 -0.480235 6.797100 0.479079 -0.066825 0.875224 -2.508500 -0.240977 -0.968800 0.057936 -1.318700 0.000000 0.000000 0.000000 1.000000
0.850284 -0.230137 -0.473344 6.797100 0.470707 -0.069873 0.879518 -2.508500 -0.235484 -0.970647 0.048916 -1.318700 0.000000 0.000000 0.000000 1.000000
0.856105 -0.222116 -0.466636 6.797100 0.462445 -0.073848 0.883567 -2.508500 -0.230715 -0.972220 0.039495 -1.318700 0.000000 0.000000 0.000000 1.000000
0.865524 -0.215316 -0.452225 6.797100 0.446477 -0.077517 0.891431 -2.508500 -0.226994 -0.973463 0.029040 -1.318700 0.000000 0.000000 0.000000 1.000000
0.879406 -0.209266 -0.427613 6.797100 0.420136 -0.081294 0.903812 -2.508500 -0.223900 -0.974474 0.016429 -1.318700 0.000000 0.000000 0.000000 1.000000
0.895304 -0.202612 -0.396711 6.797100 0.387388 -0.085522 0.917941 -2.508500 -0.219914 -0.975517 0.001921 -1.318700 0.000000 0.000000 0.000000 1.000000
0.911914 -0.194640 -0.361286 6.797100 0.350198 -0.089883 0.932353 -2.508500 -0.213947 -0.976748 -0.013803 -1.318700 0.000000 0.000000 0.000000 1.000000
0.927980 -0.185526 -0.323162 6.797100 0.310569 -0.094163 0.945875 -2.508500 -0.205915 -0.978117 -0.029763 -1.318700 0.000000 0.000000 0.000000 1.000000
0.942692 -0.174690 -0.284282 6.797100 0.270687 -0.097768 0.957690 -2.508500 -0.195092 -0.979758 -0.044879 -1.318700 0.000000 0.000000 0.000000 1.000000
0.955463 -0.161904 -0.246735 6.797100 0.232828 -0.100177 0.967345 -2.508500 -0.181334 -0.981709 -0.058020 -1.318700 0.000000 0.000000 0.000000 1.000000
0.965988 -0.147098 -0.212673 6.797100 0.199278 -0.100650 0.974761 -2.508500 -0.164790 -0.983988 -0.067913 -1.318700 0.000000 0.000000 0.000000 1.000000
0.974268 -0.130611 -0.183691 6.797100 0.172215 -0.094401 0.980526 -2.508500 -0.145408 -0.986929 -0.069479 -1.318700 0.000000 0.000000 0.000000 1.000000
0.981758 -0.112887 -0.152994 6.797100 0.143394 -0.088793 0.985674 -2.508500 -0.124855 -0.989632 -0.070986 -1.318700 0.000000 0.000000 0.000000 1.000000
0.987887 -0.093990 -0.123472 6.797100 0.115774 -0.083382 0.989770 -2.508500 -0.103324 -0.992075 -0.071491 -1.318700 0.000000 0.000000 0.000000 1.000000
0.992485 -0.073835 -0.097578 6.797100 0.091928 -0.076405 0.992830 -2.508500 -0.080761 -0.994339 -0.069043 -1.318700 0.000000 0.000000 0.000000 1.000000
0.995601 -0.052664 -0.077491 6.797100 0.073780 -0.069089 0.994878 -2.508500 -0.057748 -0.996219 -0.064899 -1.318700 0.000000 0.000000 0.000000 1.000000
0.997449 -0.030705 -0.064445 6.797100 0.062457 -0.061818 0.996131 -2.508500 -0.034570 -0.997615 -0.059743 -1.318700 0.000000 0.000000 0.000000 1.000000
0.998317 -0.008032 -0.057432 6.797100 0.056918 -0.053857 0.996925 -2.508500 -0.011100 -0.998516 -0.053309 -1.318700 0.000000 0.000000 0.000000 1.000000
0.998345 0.015299 -0.055431 6.797100 0.056069 -0.044979 0.997413 -2.508500 0.012766 -0.998871 -0.045762 -1.318700 0.000000 0.000000 0.000000 1.000000
0.997489 0.039999 -0.058445 6.797100 0.059875 -0.035519 0.997574 -2.508500 0.037826 -0.998568 -0.037825 -1.318700 0.000000 0.000000 0.000000 1.000000
0.995623 0.066422 -0.065748 6.797100 0.067560 -0.025414 0.997391 -2.508500 0.064578 -0.997468 -0.029790 -1.318700 0.000000 0.000000 0.000000 1.000000
0.992780 0.093985 -0.074533 6.797100 0.076342 -0.015791 0.996957 -2.508500 0.092522 -0.995448 -0.022852 -1.318700 0.000000 0.000000 0.000000 1.000000
0.989124 0.121589 -0.082765 6.797100 0.084144 -0.006249 0.996434 -2.508500 0.120638 -0.992561 -0.016412 -1.318700 0.000000 0.000000 0.000000 1.000000
0.984564 0.150489 -0.089367 6.797100 0.089473 0.006085 0.995971 -2.508500 0.150427 -0.988593 -0.007473 -1.318700 0.000000 0.000000 0.000000 1.000000
0.979459 0.178345 -0.094091 6.797100 0.091685 0.021706 0.995551 -2.508500 0.179594 -0.983729 0.004908 -1.318700 0.000000 0.000000 0.000000 1.000000
0.974121 0.204503 -0.096265 6.797100 0.089473 0.042225 0.995094 -2.508500 0.207565 -0.977955 0.022835 -1.318700 0.000000 0.000000 0.000000 1.000000
0.968608 0.228923 -0.096917 6.797100 0.084021 0.065446 0.994312 -2.508500 0.233964 -0.971242 0.044157 -1.318700 0.000000 0.000000 0.000000 1.000000
0.963436 0.250295 -0.095626 6.797100 0.075711 0.088045 0.993235 -2.508500 0.257021 -0.964158 0.065875 -1.318700 0.000000 0.000000 0.000000 1.000000
0.959679 0.265579 -0.092106 6.797100 0.065288 0.108115 0.991992 -2.508500 0.273410 -0.958008 0.086417 -1.318700 0.000000 0.000000 0.000000 1.000000
0.957171 0.275787 -0.088122 6.797100 0.054209 0.128275 0.990256 -2.508500 0.284404 -0.952621 0.107831 -1.318700 0.000000 0.000000 0.000000 1.000000
0.954507 0.285969 -0.084487 6.797100 0.042781 0.149072 0.987900 -2.508500 0.295103 -0.946572 0.130057 -1.318700 0.000000 0.000000 0.000000 1.000000
0.952124 0.294383 -0.082457 6.797100 0.032688 0.170145 0.984877 -2.508500 0.303960 -0.940420 0.152377 -1.318700 0.000000 0.000000 0.000000 1.000000
0.950751 0.298477 -0.083565 6.797100 0.026165 0.191355 0.981172 -2.508500 0.308848 -0.935037 0.174122 -1.318700 0.000000 0.000000 0.000000 1.000000
0.949758 0.300306 -0.088181 6.797100 0.023304 0.213111 0.976750 -2.508500 0.312116 -0.929731 0.195405 -1.318700 0.000000 0.000000 0.000000 1.000000
0.948780 0.301072 -0.095774 6.797100 0.023370 0.235431 0.971610 -2.508500 0.315073 -0.924082 0.216336 -1.318700 0.000000 0.000000 0.000000 1.000000
0.947781 0.301019 -0.105355 6.797100 0.025216 0.258580 0.965661 -2.508500 0.317925 -0.917891 0.237487 -1.318700 0.000000 0.000000 0.000000 1.000000
0.946871 0.299882 -0.116218 6.797100 0.028145 0.282708 0.958793 -2.508500 0.320380 -0.911124 0.259248 -1.318700 0.000000 0.000000 0.000000 1.000000
0.946128 0.297242 -0.128412 6.797100 0.032627 0.307046 0.951135 -2.508500 0.322146 -0.904085 0.280807 -1.318700 0.000000 0.000000 0.000000 1.000000
0.945465 0.292939 -0.142415 6.797100 0.039201 0.331715 0.942565 -2.508500 0.323355 -0.896745 0.302142 -1.318700 0.000000 0.000000 0.000000 1.000000
0.945067 0.285854 -0.158540 6.797100 0.048744 0.356351 0.933080 -2.508500 0.323221 -0.889551 0.322842 -1.318700 0.000000 0.000000 0.000000 1.000000
